[6, 3, 7, 2, 4, 8, 1, 5] Fitness: 1.0
[4, 2, 7, 3, 6, 8, 1, 5] Fitness: 1.0
[4, 2, 7, 3, 6, 8, 5, 1] Fitness: 1.0
[3, 6, 2, 7, 1, 4, 8, 5] Fitness: 1.0
[6, 2, 7, 1, 4, 8, 5, 3] Fitness: 1.0
[3, 5, 7, 1, 4, 2, 8, 6] Fitness: 1.0
[6, 3, 5, 7, 1, 4, 2, 8] Fitness: 1.0
[5, 7, 1, 4, 2, 8, 6, 3] Fitness: 1.0
[6, 2, 7, 1, 3, 5, 8, 4] Fitness: 1.0
[3, 6, 2, 7, 5, 1, 8, 4] Fitness: 1.0
[4, 2, 7, 5, 1, 8, 6, 3] Fitness: 1.0
[5, 2, 4, 6, 8, 3, 1, 7] Fitness: 1.0
[6, 3, 7, 4, 1, 8, 2, 5] Fitness: 1.0
[6, 1, 5, 2, 8, 3, 7, 4] Fitness: 1.0
[6, 3, 7, 2, 8, 5, 1, 4] Fitness: 1.0
[3, 7, 2, 8, 5, 1, 4, 6] Fitness: 1.0
[5, 2, 4, 7, 3, 8, 6, 1] Fitness: 1.0
[6, 4, 7, 1, 8, 2, 5, 3] Fitness: 1.0
[3, 7, 2, 8, 6, 4, 1, 5] Fitness: 1.0
[3, 5, 2, 8, 6, 4, 7, 1] Fitness: 1.0
[6, 4, 7, 1, 3, 5, 2, 8] Fitness: 1.0
[5, 7, 2, 6, 3, 1, 8, 4] Fitness: 1.0
[5, 7, 2, 6, 3, 1, 4, 8] Fitness: 1.0
[4, 7, 5, 2, 6, 1, 3, 8] Fitness: 1.0
[5, 2, 6, 1, 7, 4, 8, 3] Fitness: 1.0
[4, 6, 1, 5, 2, 8, 3, 7] Fitness: 1.0
[2, 5, 7, 4, 1, 8, 6, 3] Fitness: 1.0
[4, 7, 1, 8, 5, 2, 6, 3] Fitness: 1.0
[6, 2, 5, 1, 4, 7, 3, 8] Fitness: 0.5
[6, 1, 7, 2, 5, 3, 8, 4] Fitness: 0.5
[5, 2, 6, 8, 3, 1, 4, 7] Fitness: 0.5
[4, 7, 1, 6, 2, 5, 8, 3] Fitness: 0.5
[4, 7, 2, 6, 3, 1, 8, 5] Fitness: 0.5
[5, 7, 4, 1, 8, 6, 3, 2] Fitness: 0.5
[2, 5, 3, 8, 6, 4, 1, 7] Fitness: 0.5
[4, 6, 1, 5, 2, 8, 7, 3] Fitness: 0.5
[6, 1, 5, 2, 4, 7, 3, 8] Fitness: 0.5
[6, 1, 5, 2, 8, 4, 7, 3] Fitness: 0.5
[4, 6, 1, 5, 2, 7, 3, 8] Fitness: 0.5
[2, 5, 6, 8, 1, 4, 7, 3] Fitness: 0.5
